00000000
00000000
00100000
00101000
00110000
00000000
00000000
00000000

00000000
00000000
00010000
01100000
00110000
00000000
00000000
00000000

00000000
00000000
00100000
01000000
01110000
00000000
00000000
00000000

00000000
00000000
00000000
01010000
01100000
00100000
00000000
00000000

00000000
00000000
00000000
01000000
01010000
01100000
00000000
00000000

00000000
00000000
00000000
00100000
11000000
01100000
00000000
00000000

00000000
00000000
00000000
01000000
10000000
11100000
00000000
00000000

00000000
00000000
00000000
00000000
10100000
11000000
01000000
00000000

00000000
00000000
00000000
00000000
10000000
10100000
11000000
00000000

00000000
00000000
00000000
00000000
01000000
10000001
11000000
00000000

00000000
00000000
00000000
00000000
10000000
00000001
11000001
00000000

00000000
00000000
00000000
00000000
00000000
01000001
10000001
10000000

00000000
00000000
00000000
00000000
00000000
00000001
01000001
10000001

00000000
00000000
00000000
00000000
00000000
10000000
00000011
10000001

00000000
00000000
00000000
00000000
00000000
00000001
00000010
10000011

00000001
00000000
00000000
00000000
00000000
00000000
10000010
00000011

00000011
00000000
00000000
00000000
00000000
00000000
00000010
10000010

00000011
00000000
00000000
00000000
00000000
00000000
00000001
00000110

00000111
00000000
00000000
00000000
00000000
00000000
00000010
00000100

00000110
00000010
00000000
00000000
00000000
00000000
00000000
00000101

00000101
00000110
00000000
00000000
00000000
00000000
00000000
00000100

00001100
00000110
00000000
00000000
00000000
00000000
00000000
00000010

00001000
00001110
00000000
00000000
00000000
00000000
00000000
00000100

00001010
00001100
00000100
00000000
00000000
00000000
00000000
00000000

00001000
00001010
00001100
00000000
00000000
00000000
00000000
00000000

00000100
00011000
00001100
00000000
00000000
00000000
00000000
00000000

00001000
00010000
00011100
00000000
00000000
00000000
00000000
00000000

00000000
00010100
00011000
00001000
00000000
00000000
00000000
00000000

00000000
00010000
00010100
00011000
00000000
00000000
00000000
00000000

00000000
00001000
00110000
00011000
00000000
00000000
00000000
00000000

00000000
00010000
00100000
00111000
00000000
00000000
00000000
00000000

00000000
00000000
00101000
00110000
00010000
00000000
00000000
00000000

00000000
00000000
00100000
00101000
00110000
00000000
00000000
00000000
